0.00000 0.00000
0.12475 0.27425
0.24900 0.54700
0.37275 0.81825
0.49600 1.08800
0.61875 1.35625
0.74100 1.62300
0.86275 1.88825
0.98400 2.15200
1.10475 2.41425
1.22500 2.67500
1.34475 2.93425
1.46400 3.19200
1.58275 3.44825
1.70100 3.70300
1.81875 3.95625
1.93600 4.20800
2.05275 4.45825
2.16900 4.70700
2.28475 4.95425
2.40000 5.20000
2.51475 5.44425
2.62900 5.68700
2.74275 5.92825
2.85600 6.16800
2.96875 6.40625
3.08100 6.64300
3.19275 6.87825
3.30400 7.11200
3.41475 7.34425
3.52500 7.57500
3.63475 7.80425
3.74400 8.03200
3.85275 8.25825
3.96100 8.48300
4.06875 8.70625
4.17600 8.92800
4.28275 9.14825
4.38900 9.36700
4.49475 9.58425
4.60000 9.80000
4.70475 10.01425
4.80900 10.22700
4.91275 10.43825
5.01600 10.64800
5.11875 10.85625
5.22100 11.06300
5.32275 11.26825
5.42400 11.47200
5.52475 11.67425
5.62500 11.87500
5.72475 12.07425
5.82400 12.27200
5.92275 12.46825
6.02100 12.66300
6.11875 12.85625
6.21600 13.04800
6.31275 13.23825
6.40900 13.42700
6.50475 13.61425
6.60000 13.80000
6.69475 13.98425
6.78900 14.16700
6.88275 14.34825
6.97600 14.52800
7.06875 14.70625
7.16100 14.88300
7.25275 15.05825
7.34400 15.23200
7.43475 15.40425
7.52500 15.57500
7.61475 15.74425
7.70400 15.91200
7.79275 16.07825
7.88100 16.24300
7.96875 16.40625
8.05600 16.56800
8.14275 16.72825
8.22900 16.88700
8.31475 17.04425
8.40000 17.20000
8.48475 17.35425
8.56900 17.50700
8.65275 17.65825
8.73600 17.80800
8.81875 17.95625
8.90100 18.10300
8.98275 18.24825
9.06400 18.39200
9.14475 18.53425
9.22500 18.67500
9.30475 18.81425
9.38400 18.95200
9.46275 19.08825
9.54100 19.22300
9.61875 19.35625
9.69600 19.48800
9.77275 19.61825
9.84900 19.74700
9.92475 19.87425
10.00000 20.00000
10.07450 20.12202
10.14802 20.23818
10.22057 20.34861
10.29216 20.45344
10.36281 20.55281
10.43254 20.64686
10.50136 20.73572
10.56928 20.81952
10.63632 20.89840
10.70250 20.97250
10.76783 21.04195
10.83232 21.10688
10.89599 21.16743
10.95886 21.22374
11.02094 21.27594
11.08224 21.32416
11.14278 21.36854
11.20258 21.40922
11.26165 21.44633
11.32000 21.48000
11.37765 21.51037
11.43462 21.53758
11.49092 21.56176
11.54656 21.58304
11.60156 21.60156
11.65594 21.61746
11.70971 21.63087
11.76288 21.64192
11.81547 21.65075
11.86750 21.65750
11.91898 21.66230
11.96992 21.66528
12.02034 21.66658
12.07026 21.66634
12.11969 21.66469
12.16864 21.66176
12.21713 21.65769
12.26518 21.65262
12.31280 21.64668
12.36000 21.64000
12.40680 21.63272
12.45322 21.62498
12.49927 21.61691
12.54496 21.60864
12.59031 21.60031
12.63534 21.59206
12.68006 21.58402
12.72448 21.57632
12.76862 21.56910
12.81250 21.56250
12.85613 21.55665
12.89952 21.55168
12.94269 21.54773
12.98566 21.54494
13.02844 21.54344
13.07104 21.54336
13.11348 21.54484
13.15578 21.54802
13.19795 21.55303
13.24000 21.56000
13.28195 21.56907
13.32382 21.58038
13.36562 21.59406
13.40736 21.61024
13.44906 21.62906
13.49074 21.65066
13.53241 21.67517
13.57408 21.70272
13.61577 21.73345
13.65750 21.76750
13.69928 21.80500
13.74112 21.84608
13.78304 21.89088
13.82506 21.93954
13.86719 21.99219
13.90944 22.04896
13.95183 22.10999
13.99438 22.17542
14.03710 22.24538
14.08000 22.32000
14.12310 22.39942
14.16642 22.48378
14.20997 22.57321
14.25376 22.66784
14.29781 22.76781
14.34214 22.87326
14.38676 22.98432
14.43168 23.10112
14.47692 23.22380
14.52250 23.35250
14.56843 23.48735
14.61472 23.62848
14.66139 23.77603
14.70846 23.93014
14.75594 24.09094
14.80384 24.25856
14.85218 24.43314
14.90098 24.61482
14.95025 24.80373
15.00000 25.00000
15.04998 25.20571
15.09990 25.42266
15.14978 25.65060
15.19962 25.88928
15.24941 26.13844
15.29915 26.39782
15.34886 26.66717
15.39853 26.94624
15.44816 27.23477
15.49775 27.53250
15.54731 27.83918
15.59683 28.15456
15.64632 28.47838
15.69579 28.81038
15.74522 29.15031
15.79462 29.49792
15.84400 29.85295
15.89336 30.21514
15.94269 30.58424
15.99200 30.96000
16.04129 31.34216
16.09056 31.73046
16.13982 32.12465
16.18906 32.52448
16.23828 32.92969
16.28749 33.34002
16.33670 33.75522
16.38589 34.17504
16.43507 34.59922
16.48425 35.02750
16.53342 35.45963
16.58259 35.89536
16.63176 36.33443
16.68093 36.77658
16.73009 37.22156
16.77926 37.66912
16.82844 38.11900
16.87762 38.57094
16.92681 39.02469
16.97600 39.48000
17.02521 39.93661
17.07442 40.39426
17.12365 40.85270
17.17290 41.31168
17.22216 41.77094
17.27143 42.23022
17.32073 42.68927
17.37005 43.14784
17.41939 43.60567
17.46875 44.06250
17.51814 44.51808
17.56755 44.97216
17.61699 45.42448
17.66647 45.87478
17.71597 46.32281
17.76550 46.76832
17.81507 47.21104
17.86468 47.65074
17.91432 48.08714
17.96400 48.52000
18.01372 48.94906
18.06348 49.37406
18.11329 49.79475
18.16314 50.21088
18.21303 50.62219
18.26297 51.02842
18.31297 51.42933
18.36301 51.82464
18.41310 52.21412
18.46325 52.59750
18.51345 52.97453
18.56371 53.34496
18.61403 53.70853
18.66441 54.06498
18.71484 54.41406
18.76534 54.75552
18.81591 55.08910
18.86654 55.41454
18.91723 55.73159
18.96800 56.04000
19.01884 56.33951
19.06974 56.62986
19.12072 56.91080
19.17178 57.18208
19.22291 57.44344
19.27411 57.69462
19.32540 57.93538
19.37677 58.16544
19.42822 58.38457
19.47975 58.59250
19.53137 58.78898
19.58307 58.97375
19.63486 59.14658
19.68674 59.30718
19.73872 59.45531
19.79078 59.59071
19.84294 59.71315
19.89520 59.82234
19.94755 59.91804
20.00000 60.00000
20.05260 60.06928
20.10539 60.12724
20.15838 60.17406
20.21155 60.20992
20.26491 60.23500
20.31844 60.24948
20.37214 60.25354
20.42602 60.24736
20.48005 60.23112
20.53425 60.20500
20.58860 60.16918
20.64310 60.12384
20.69775 60.06916
20.75254 60.00532
20.80747 59.93250
20.86253 59.85088
20.91772 59.76064
20.97303 59.66196
21.02846 59.55502
21.08400 59.44000
21.13965 59.31708
21.19541 59.18644
21.25127 59.04826
21.30723 58.90272
21.36328 58.75000
21.41942 58.59028
21.47564 58.42374
21.53194 58.25056
21.58831 58.07092
21.64475 57.88500
21.70126 57.69298
21.75782 57.49504
21.81445 57.29136
21.87112 57.08212
21.92784 56.86750
21.98461 56.64768
22.04141 56.42284
22.09825 56.19316
22.15511 55.95882
22.21200 55.72000
22.26891 55.47688
22.32583 55.22964
22.38277 54.97846
22.43971 54.72352
22.49666 54.46500
22.55360 54.20308
22.61053 53.93794
22.66746 53.66976
22.72436 53.39872
22.78125 53.12500
22.83811 52.84878
22.89494 52.57024
22.95174 52.28956
23.00850 52.00692
23.06522 51.72250
23.12189 51.43648
23.17850 51.14904
23.23507 50.86036
23.29156 50.57062
23.34800 50.28000
23.40436 49.98868
23.46065 49.69684
23.51686 49.40466
23.57299 49.11232
23.62903 48.82000
23.68498 48.52788
23.74083 48.23614
23.79658 47.94496
23.85222 47.65452
23.90775 47.36500
23.96317 47.07658
24.01846 46.78944
24.07364 46.50376
24.12868 46.21972
24.18359 45.93750
24.23837 45.65728
24.29300 45.37924
24.34748 45.10356
24.40182 44.83042
24.45600 44.56000
24.51002 44.29248
24.56387 44.02804
24.61756 43.76686
24.67107 43.50912
24.72441 43.25500
24.77756 43.00468
24.83052 42.75834
24.88330 42.51616
24.93587 42.27832
24.98825 42.04500
25.04042 41.81638
25.09238 41.59264
25.14413 41.37395
25.19566 41.16052
25.24697 40.95250
25.29805 40.75008
25.34890 40.55344
25.39951 40.36276
25.44987 40.17822
25.50000 40.00000
25.55062 39.82352
25.60245 39.64414
25.65544 39.46197
25.70957 39.27712
25.76478 39.08969
25.82104 38.89978
25.87831 38.70750
25.93654 38.51296
25.99570 38.31626
26.05575 38.11750
26.11664 37.91679
26.17834 37.71424
26.24080 37.50995
26.30398 37.30402
26.36784 37.09656
26.43235 36.88768
26.49746 36.67748
26.56313 36.46606
26.62933 36.25353
26.69600 36.04000
26.76311 35.82557
26.83063 35.61034
26.89850 35.39442
26.96669 35.17792
27.03516 34.96094
27.10386 34.74358
27.17276 34.52595
27.24182 34.30816
27.31100 34.09031
27.38025 33.87250
27.44954 33.65484
27.51882 33.43744
27.58805 33.22040
27.65720 33.00382
27.72622 32.78781
27.79507 32.57248
27.86372 32.35793
27.93211 32.14426
28.00022 31.93158
28.06800 31.72000
28.13541 31.50962
28.20241 31.30054
28.26895 31.09287
28.33501 30.88672
28.40053 30.68219
28.46548 30.47938
28.52982 30.27840
28.59350 30.07936
28.65649 29.88236
28.71875 29.68750
28.78023 29.49489
28.84090 29.30464
28.90071 29.11685
28.95962 28.93162
29.01759 28.74906
29.07459 28.56928
29.13057 28.39238
29.18549 28.21846
29.23932 28.04763
29.29200 27.88000
29.34350 27.71567
29.39379 27.55474
29.44281 27.39732
29.49053 27.24352
29.53691 27.09344
29.58190 26.94718
29.62547 26.80485
29.66758 26.66656
29.70819 26.53241
29.74725 26.40250
29.78473 26.27694
29.82058 26.15584
29.85476 26.03930
29.88724 25.92742
29.91797 25.82031
29.94691 25.71808
29.97403 25.62083
29.99927 25.52866
30.02261 25.44168
30.04400 25.36000
30.06340 25.28372
30.08077 25.21294
30.09606 25.14777
30.10925 25.08832
30.12028 25.03469
30.12912 24.98698
30.13573 24.94530
30.14006 24.90976
30.14208 24.88046
30.14175 24.85750
30.13902 24.84099
30.13386 24.83104
30.12621 24.82775
30.11606 24.83122
30.10334 24.84156
30.08803 24.85888
30.07008 24.88328
30.04945 24.91486
30.02611 24.95373
30.00000 25.00000
29.97106 25.05497
29.93926 25.11976
29.90465 25.19419
29.86726 25.27808
29.82716 25.37125
29.78437 25.47352
29.73894 25.58471
29.69091 25.70464
29.64034 25.83313
29.58725 25.97000
29.53170 26.11507
29.47373 26.26816
29.41338 26.42909
29.35069 26.59768
29.28572 26.77375
29.21850 26.95712
29.14907 27.14761
29.07748 27.34504
29.00378 27.54923
28.92800 27.76000
28.85019 27.97717
28.77040 28.20056
28.68866 28.42999
28.60502 28.66528
28.51953 28.90625
28.43223 29.15272
28.34315 29.40451
28.25235 29.66144
28.15987 29.92333
28.06575 30.19000
27.97004 30.46127
27.87277 30.73696
27.77399 31.01689
27.67375 31.30088
27.57209 31.58875
27.46906 31.88032
27.36469 32.17541
27.25902 32.47384
27.15211 32.77543
27.04400 33.08000
26.93473 33.38737
26.82434 33.69736
26.71288 34.00979
26.60038 34.32448
26.48691 34.64125
26.37249 34.95992
26.25717 35.28031
26.14099 35.60224
26.02401 35.92553
25.90625 36.25000
25.78777 36.57547
25.66861 36.90176
25.54881 37.22869
25.42841 37.55608
25.30747 37.88375
25.18602 38.21152
25.06410 38.53921
24.94176 38.86664
24.81905 39.19363
24.69600 39.52000
24.57266 39.84557
24.44908 40.17016
24.32529 40.49359
24.20134 40.81568
24.07728 41.13625
23.95315 41.45512
23.82898 41.77211
23.70483 42.08704
23.58074 42.39973
23.45675 42.71000
23.33290 43.01767
23.20925 43.32256
23.08582 43.62449
22.96267 43.92328
22.83984 44.21875
22.71738 44.51072
22.59531 44.79901
22.47370 45.08344
22.35258 45.36383
22.23200 45.64000
22.11200 45.91177
21.99262 46.17896
21.87391 46.44139
21.75591 46.69888
21.63866 46.95125
21.52221 47.19832
21.40660 47.43991
21.29187 47.67584
21.17807 47.90593
21.06525 48.13000
20.95344 48.34787
20.84269 48.55936
20.73304 48.76429
20.62453 48.96248
20.51722 49.15375
20.41114 49.33792
20.30633 49.51481
20.20284 49.68423
20.10072 49.84603
20.00000 50.00000
19.89975 50.14999
19.79902 50.29992
19.69782 50.44973
19.59616 50.59936
19.49406 50.74875
19.39154 50.89784
19.28861 51.04657
19.18528 51.19488
19.08157 51.34271
18.97750 51.49000
18.87308 51.63669
18.76832 51.78272
18.66324 51.92803
18.55786 52.07256
18.45219 52.21625
18.34624 52.35904
18.24003 52.50087
18.13358 52.64168
18.02690 52.78141
17.92000 52.92000
17.81290 53.05739
17.70562 53.19352
17.59817 53.32833
17.49056 53.46176
17.38281 53.59375
17.27494 53.72424
17.16696 53.85317
17.05888 53.98048
16.95072 54.10611
16.84250 54.23000
16.73423 54.35209
16.62592 54.47232
16.51759 54.59063
16.40926 54.70696
16.30094 54.82125
16.19264 54.93344
16.08438 55.04347
15.97618 55.15128
15.86805 55.25681
15.76000 55.36000
15.65205 55.46079
15.54422 55.55912
15.43652 55.65493
15.32896 55.74816
15.22156 55.83875
15.11434 55.92664
15.00731 56.01177
14.90048 56.09408
14.79387 56.17351
14.68750 56.25000
14.58138 56.32349
14.47552 56.39392
14.36994 56.46123
14.26466 56.52536
14.15969 56.58625
14.05504 56.64384
13.95073 56.69807
13.84678 56.74888
13.74320 56.79621
13.64000 56.84000
13.53720 56.88019
13.43482 56.91672
13.33287 56.94953
13.23136 56.97856
13.13031 57.00375
13.02974 57.02504
12.92966 57.04237
12.83008 57.05568
12.73102 57.06491
12.63250 57.07000
12.53453 57.07089
12.43712 57.06752
12.34029 57.05983
12.24406 57.04776
12.14844 57.03125
12.05344 57.01024
11.95908 56.98467
11.86538 56.95448
11.77235 56.91961
11.68000 56.88000
11.58835 56.83559
11.49742 56.78632
11.40722 56.73213
11.31776 56.67296
11.22906 56.60875
11.14114 56.53944
11.05401 56.46497
10.96768 56.38528
10.88217 56.30031
10.79750 56.21000
10.71368 56.11429
10.63072 56.01312
10.54864 55.90643
10.46746 55.79416
10.38719 55.67625
10.30784 55.55264
10.22943 55.42327
10.15198 55.28808
10.07550 55.14701
10.00000 55.00000
9.92550 54.84330
9.85198 54.67338
9.77943 54.49053
9.70784 54.29504
9.63719 54.08719
9.56746 53.86726
9.49864 53.63554
9.43072 53.39232
9.36368 53.13788
9.29750 52.87250
9.23217 52.59647
9.16768 52.31008
9.10401 52.01361
9.04114 51.70734
8.97906 51.39156
8.91776 51.06656
8.85722 50.73262
8.79742 50.39002
8.73835 50.03905
8.68000 49.68000
8.62235 49.31315
8.56538 48.93878
8.50908 48.55718
8.45344 48.16864
8.39844 47.77344
8.34406 47.37186
8.29029 46.96419
8.23712 46.55072
8.18453 46.13173
8.13250 45.70750
8.08102 45.27832
8.03008 44.84448
7.97966 44.40626
7.92974 43.96394
7.88031 43.51781
7.83136 43.06816
7.78287 42.61526
7.73482 42.15942
7.68720 41.70090
7.64000 41.24000
7.59320 40.77700
7.54678 40.31218
7.50073 39.84583
7.45504 39.37824
7.40969 38.90969
7.36466 38.44046
7.31994 37.97084
7.27552 37.50112
7.23138 37.03158
7.18750 36.56250
7.14387 36.09417
7.10048 35.62688
7.05731 35.16091
7.01434 34.69654
6.97156 34.23406
6.92896 33.77376
6.88652 33.31592
6.84422 32.86082
6.80205 32.40875
6.76000 31.96000
6.71805 31.51485
6.67618 31.07358
6.63438 30.63648
6.59264 30.20384
6.55094 29.77594
6.50926 29.35306
6.46759 28.93549
6.42592 28.52352
6.38423 28.11743
6.34250 27.71750
6.30072 27.32402
6.25888 26.93728
6.21696 26.55755
6.17494 26.18514
6.13281 25.82031
6.09056 25.46336
6.04817 25.11457
6.00562 24.77422
5.96290 24.44260
5.92000 24.12000
5.87690 23.80670
5.83358 23.50298
5.79003 23.20913
5.74624 22.92545
5.70219 22.65219
5.65786 22.38966
5.61324 22.13815
5.56832 21.89792
5.52308 21.66928
5.47750 21.45250
5.43157 21.24787
5.38528 21.05568
5.33861 20.87620
5.29154 20.70974
5.24406 20.55656
5.19616 20.41696
5.14782 20.29122
5.09902 20.17962
5.04975 20.08246
5.00000 20.00000
4.95000 19.92775
4.90000 19.86100
4.85000 19.79975
4.80000 19.74400
4.75000 19.69375
4.70000 19.64900
4.65000 19.60975
4.60000 19.57600
4.55000 19.54775
4.50000 19.52500
4.45000 19.50775
4.40000 19.49600
4.35000 19.48975
4.30000 19.48900
4.25000 19.49375
4.20000 19.50400
4.15000 19.51975
4.10000 19.54100
4.05000 19.56775
4.00000 19.60000
3.95000 19.63775
3.90000 19.68100
3.85000 19.72975
3.80000 19.78400
3.75000 19.84375
3.70000 19.90900
3.65000 19.97975
3.60000 20.05600
3.55000 20.13775
3.50000 20.22500
3.45000 20.31775
3.40000 20.41600
3.35000 20.51975
3.30000 20.62900
3.25000 20.74375
3.20000 20.86400
3.15000 20.98975
3.10000 21.12100
3.05000 21.25775
3.00000 21.40000
2.95000 21.54775
2.90000 21.70100
2.85000 21.85975
2.80000 22.02400
2.75000 22.19375
2.70000 22.36900
2.65000 22.54975
2.60000 22.73600
2.55000 22.92775
2.50000 23.12500
2.45000 23.32775
2.40000 23.53600
2.35000 23.74975
2.30000 23.96900
2.25000 24.19375
2.20000 24.42400
2.15000 24.65975
2.10000 24.90100
2.05000 25.14775
2.00000 25.40000
1.95000 25.65775
1.90000 25.92100
1.85000 26.18975
1.80000 26.46400
1.75000 26.74375
1.70000 27.02900
1.65000 27.31975
1.60000 27.61600
1.55000 27.91775
1.50000 28.22500
1.45000 28.53775
1.40000 28.85600
1.35000 29.17975
1.30000 29.50900
1.25000 29.84375
1.20000 30.18400
1.15000 30.52975
1.10000 30.88100
1.05000 31.23775
1.00000 31.60000
0.95000 31.96775
0.90000 32.34100
0.85000 32.71975
0.80000 33.10400
0.75000 33.49375
0.70000 33.88900
0.65000 34.28975
0.60000 34.69600
0.55000 35.10775
0.50000 35.52500
0.45000 35.94775
0.40000 36.37600
0.35000 36.80975
0.30000 37.24900
0.25000 37.69375
0.20000 38.14400
0.15000 38.59975
0.10000 39.06100
0.05000 39.52775
